0000
001a
0000
001f
000a
000e
0000
0000
0000
0029
0000
0040
0000
0052
0000
0034
0027
00b7
0000
0002
0043
0000
0000
0041
002d
0000
0026
0000
0000
0125
0000
0000
00ab
0000
0000
0000
005a
001b
002c
0000
0014
0000
0099
0036
0000
0066
0000
0000
0054
0000
001a
002c
0000
004d
0000
0000
0000
00a1
0000
0000
00ab
0128
0000
0000
004e
0000
002a
0000
0059
0000
0049
0000
0006
005e
0000
0000
0051
00c4
00ae
0000
0000
0000
008b
0000
0012
0000
0064
0000
0000
00bf
0003
0000
0001
0000
015c
0000
0000
0031
0024
0000
0000
004c
003c
0000
0000
0035
0000
0000
0016
0025
0000
0000
000e
0025
0068
0000
0033
001a
0000
006f
0034
0000
009e
008b
0051
0000
006e
0000
0016
0000
007d
0000
0000
0019
0000
002a
003a
0027
0000
0000
0000
0000
0086
0016
0000
005f
0000
0000
0061
001b
0011
0000
0000
00bf
0000
0080
0000
0000
004e
0000
0000
0000
003c
0000
00ec
0000
0004
0082
0000
003e
0000
0060
0072
000a
0000
0000
0040
0000
0062
0000
0004
0000
0031
0016
0000
00c4
003b
0004
0000
0000
00bb
006d
0000
0000
0000
0000
005e
0028
0000
0001
007f
0000
0000
004f
0064
000f
005d
0009
0014
0000
002b
0000
000c
0000
0021
0076
0000
0000
0000
001a
0054
0011
0036
0000
008f
007a
0000
0000
0057
001d
0000
0000
00ad
0000
0000
002a
0000
00b7
010a
0000
0000
0000
0034
006f
0000
0000
0046
0048
0000
0000
0000
0063
0000
0000
00a4
00ad
016f
0120
0000
0000
0010
0000
0000
0060
0000
0000
0084
0000
0066
0000
0085
0000
0000
0000
0009
0000
0018
005e
0000
00c1
0000
0000
00a0
0000
0008
0000
0139
0003
0000
0000
00a9
003d
0000
00a8
00c0
0000
00c7
0000
0028
0023
0000
006f
0088
0000
0000
001f
0084
0000
005f
00cc
0000
0000
00c0
00f1
0000
0000
0134
00a8
0023
0000
0093
00c5
0000
00b8
0000
0000
0088
0000
00ff
0000
0000
0000
00bb
000c
0000
00c8
0017
0000
0078
0000
0043
0000
0000
0040
00a6
0000
0000
0000
011c
0000
0072
00e7
0000
0000
0000
0200
0000
0000
00b5
0000
0045
00a5
0000
0000
00a2
0093
0000
010f
0000
0000
0122
0000
001a
0000
002a
0000
0081
0000
0092
0000
0000
0000
012d
0000
0000
0000
00d6
00ba
00c3
0000
00be
00a6
0000
0000
0000
003a
0000
011e
008a
0000
0000
0019
0000
0000
0000
00f0
0114
0000
0000
0000
00d6
0112
0000
02a9
0000
012c
0000
01a8
0122
0000
0025
0083
00d9
0000
007e
0000
0146
0000
0000
0105
0212
0000
0000
009a
00e3
003d
0000
0042
0069
0049
0000
0000
0049
0000
0006
0000
0344
0000
2c20
09a9
0000
0000
0000
1f62
0000
1a92
0e0c
0000
1e58
0000
0000
0816
0276
081b
0000
1012
0000
0000
0aef
0025
0000
05ed
0000
0000
0cdb
128f
0703
0000
1268
0000
12c4
0000
0000
0155
20ed
0000
0000
0000
352b
0000
0e54
0dc1
0000
22ae
06d4
0000
0000
06e5
0000
0c1c
0000
0000
0000
19cb
1100
0000
0000
07b5
100b
0e74
0651
0166
0000
19a8
0000
0000
0486
0507
0000
0b11
0427
0000
0000
0000
028b
12b4
0000
0000
1c25
0099
0000
0928
06af
0000
0000
0979
0000
0f6c
0000
0000
167f
0000
0deb
0000
0000
0000
02bb
0000
016d
006d
00fb
0055
0123
0000
0000
0000
0000
0000
0ea8
04e3
0000
05c4
0000
001d
00a9
0000
0000
0086
0000
05f0
0000
0122
0000
0486
0000
0280
018c
0000
0000
00e4
00a9
0000
01ab
0000
0127
0443
0014
0425
0000
0000
06a6
0000
0332
0000
0000
0000
0000
030c
02bc
0000
0a22
0000
02a5
01d4
0000
0000
0000
1c83
1475
0000
0ffa
0162
0000
0000
042f
15f2
062d
0000
0000
0047
151a
08b4
0000
0000
0a4b
0000
003f
069d
0000
027d
037e
0e82
0000
0bbf
0000
099a
0db5
0000
156a
0000
0c30
03ce
0000
0000
0584
0000
015f
0acc
0000
0126
0000
0000
0000
0000
0c5b
0d3a
0000
08ba
0000
0000
0000
0000
00f9
04b0
0000
0980
0000
028f
04b8
0000
0000
0f08
0000
0080
0000
0000
0011
0000
00ad
0175
0000
0204
0000
038e
0000
0000
0571
0000
08dc
0160
0000
00f2
00dd
0000
0040
0043
0067
0000
01c4
006c
0186
0000
0000
0f09
00bc
0090
0000
0037
0000
0096
0000
0000
0083
0014
0000
0256
0129
0502
0000
0000
088f
0000
0000
0073
0000
0051
0000
0042
0074
0000
0000
0015
031d
0000
0000
0714
0033
0000
0090
0030
0005
0000
0000
000b
00c6
003c
005b
0000
0071
025a
0000
03f0
0000
0000
012c
0000
00a7
0001
0000
0000
0000
0000
0000
0254
00eb
0000
05e8
0000
00cf
0000
0070
0002
0087
0038
0000
0000
0086
005c
0000
0000
0330
0000
028c
0188
0000
0059
0111
0092
0000
0000
00d1
000a
004d
0000
0017
0016
0000
032c
03e3
0000
0000
0000
00c9
0058
0000
0075
0000
0000
011d
0000
004c
0000
01f8
0115
0000
01c9
0000
001e
007e
0027
0000
0000
001a
0021
0016
001a
0000
0052
008b
01e6
0111
0000
0019
0000
0045
0000
0000
008d
000e
0000
0000
0174
0000
0000
00eb
0000
0000
002d
0000
0000
0081
0070
0000
0024
0057
0000
005a
0000
001b
0151
0000
005b
0016
0000
0000
0000
0059
001a
0061
0069
003c
003e
0000
0000
0000
0000
011e
0000
019a
0000
0000
0000
00f2
0004
0000
000d
0000
007a
0000
0000
00b2
00a5
0000
0000
0180
0000
006e
0091
000f
0000
0000
0000
0026
00a7
0009
0000
004c
0043
0000
005c
0098
0000
0000
0000
003f
0000
0061
0088
0065
0000
0000
002e
0000
00c7
0000
0000
015e
0000
0000
0000
0057
0000
0000
00eb
004d
0000
006c
0000
0000
0196
0000
00c1
0000
004f
0000
0000
0049
0000
0000
00e9
0005
0000
009d
0000
0000
0000
002d
01a1
0000
006d
0040
00a4
0000
0000
0000
0033
0000
000d
0029
0069
0000
0000
0087
0000
0093
0000
0000
0000
0037
0003
003a
001d
0000
009b
0000
0000
00ce
0000
000f
0000
0101
0000
0015
002b
0000
0000
0024
0000
0000
0018
0000
0005
0029
0000
0000
0000
0040
001c
0000
0000
0020
0000
001b
0000
000b
0012
0000
004c
0000
0000
002a
000e
0082
0000
00ae
002d
0000
0000
0006
0000
002c
0000
0017
0033
0000
0000
006c
0005
0000
0073
00ea
0000
00d2
0000
0000
0000
0023
00cb
0000
0000
0033
009e
0000
0000
01d3
00cf
00bc
0000
0040
0097
0000
0000
0057
0000
0064
0014
0001
0050
0000
003d
0000
0022
0000
001a
0000
0020
0012
0000
0000
002a
00a6
0000
0000
0000
00db
0057
0000
0000
0000
0027
001c
0000
0001
000f
002a
0000
0039
0024
0030
0000
0004
002a
0033
0000
0000
0000
00e0
0000
0018
0000
0000
0000
0000
000a
0000
0025
0000
0000
00df
0000
0000
004d
0000
0063
0000
0017
0042
0030
0000
0087
0000
0000
006a
0000
00a2
0000
00a4
0000
0000
0000
0056
001c
0000
0000
0033
0000
00a0
0049
0000
0000
00b2
00f0
001f
0052
0000
000f
0015
0003
0000
0088
0000
006f
0000
0000
004d
00b4
00b8
0000
0000
0000
0048
0000
0021
0000
0002
0000
0000
00aa
0000
0010
0000
0000
01f2
001e
0000
00b5
0000
002a
0000
0000
0000
0000
004b
0082
002b
0000
0000
0000
0050
0000
0067
004c
0000
0048
0041
0000
0008
0000
0000
0011
0000
0012
000c
007c
0000
0000
0000
004d
0079
0000
0043
0000
0000
0075
0000
003e
002b
0000
0000
0000
00e5
0000
0000
00bd
0000
0001
008a
0000
0094
0000
0000
00c7
0085
0000
0000
0039
0000
0000
0000
0000
0040
0077
0000
0053
00c4
0000
0000
008c
0000
0084
0000
003f
0052
0000
0000
0078
0042
0000
0000
0054
0000
002b
0000
0000
005b
006b
0000
0015
0067
0000
0102
0000
0000
00fb
0000
0046
005f
0000
0000
007a
0005
0000
002f
00c1
0000
0056
0000
0000
0094
0031
0025
0000
0000
00e3
0000
0000
0174
0000
0000
0000
0119
00e8
0000
016a
0000
0088
0042
0000
0092
0000
0050
0029
0000
0099
0032
0000
0095
0000
0000
0000
0064
0006
0000
00aa
0000
0000
0000
0000
0039
00f9
0000
000b
0000
0000
0211
0000
011a
0036
0000
0000
0102
0019
0000
0025
0000
008f
0000
001d
0000
0000
0000
0023
0000
0000
009e
005f
0000
001e
0028
0000
0000
00c4
000a
0000
00c8
0000
01a2
0000
0000
004a
0000
00a9
0096
0000
0014
0005
0040
0000
002b
005d
0000
0033
0109
0006
005d
0000
0000
0189
0000
004d
0016
002d
0000
006b
00ef
006e
0041
0000
0000
019a
0042
0000
0000
00f1
0000
0000
0000
0008
0058
003d
0064
0000
00d5
0049
0000
01e9
0000
0000
0000
0081
0098
0000
0000
0123
0039
0000
00bb
020f
0000
000e
0000
0208
061e
0317
0000
0298
0000
0000
0000
0497
0000
0000
0449
018e
0139
0896
0000
0000
00e9
0262
0000
0131
03ad
07fe
0000
0000
0581
0387
0000
0000
0000
069c
0a86
0000
0290
0640
0000
19a9
0000
0ba4
0000
27e6
0000
0a5a
0000
0000
0637
0000
0b25
1179
0000
043f
0000
0000
0000
1907
2056
127b
0000
0109
0000
0000
0952
0dda
0000
0000
1c8c
085f
0000
08d7
0702
00aa
0c84
0000
0000
0dcd
0000
0000
03a8
0000
09b2
07cd
0000
05ec
0000
0000
0587
114f
0000
1b4e
0000
0837
1766
0000
0000
2461
069e
0061
045e
0143
048f
0000
0000
0000
0427
0000
029f
0000
0339
01e2
07c3
07c7
0000
008f
03f8
0000
0000
0013
038e
010b
0503
0000
0000
0000
001b
0649
0cd7
0000
023d
0038
0000
0000
00fb
0000
0000
0165
0000
0110
0000
0097
007c
0000
0d6d
00c4
0000
043a
0000
0000
0188
0000
00c5
0000
0000
0537
0000
0249
0000
02bf
0000
1165
0000
09fd
0000
0000
0482
029b
0000
052d
0000
0524
0900
0043
0000
01bc
0000
0fd9
07b6
01a0
0000
00df
010a
0263
0000
0000
0000
025f
12fc
0000
0000
0000
0000
0621
025b
0000
10e6
0000
077e
0358
0000
0000
09de
0000
0827
0000
0488
0501
08e2
0def
0000
004f
093c
0000
038e
0000
05ec
0000
0c73
0000
0bf8
0000
0000
0a03
062d
0000
0000
0000
00fd
0355
0000
0000
034e
0000
0000
07b9
0000
0406
0000
0000
093a
0000
048c
0000
0000
0274
01b9
0000
015c
0000
0000
0362
0168
05a2
0000
02bf
0000
1238
0066
0000
0000
0000
0088
0041
000d
0069
0036
0000
0000
057e
0000
05ec
0000
0000
07f2
0000
0000
0266
0000
0000
00cc
013b
00a1
004d
0000
0000
0364
0000
0000
0a47
0000
0000
0000
006c
00b1
0029
003f
0114
0000
0000
0000
0126
0239
06f2
0000
02d8
049b
0000
025d
0022
0000
0012
00ab
0029
0000
00e0
0000
0000
003d
0000
0565
0000
0000
004a
000b
0016
0000
003b
0000
0066
0082
006b
0000
0000
031a
0248
0000
0191
0000
0000
01c4
0000
0000
0045
0000
0000
0000
0000
0000
0104
0000
0053
0709
0000
00d7
003b
0008
0071
0000
0000
002f
0027
00db
0000
0000
0000
03f4
0000
0152
0230
0000
0001
01db
0000
0000
000b
0000
009e
0000
0000
0023
01c9
0000
0000
0219
0314
0057
0000
00d4
000b
0000
0001
0000
0000
0027
0064
004a
0000
0000
020a
017f
0000
001a
0060
0000
0000
0024
0000
0065
0000
009a
0010
005f
0000
0000
0000
03a9
0000
00a7
0000
001b
0083
0000
0000
001e
0011
0027
0009
0074
0000
0014
0000
019d
0000
0000
0000
00d6
0000
0000
00a1
0000
0000
0055
0000
0000
00ad
0000
0000
0411
0000
0060
0000
0000
0000
0006
003c
0000
001f
0000
0043
0000
0000
0053
0000
0000
0045
003c
002f
0000
004c
0000
0000
0021
0075
0000
00f6
0000
0000
0000
0000
00d9
0101
0000
0000
0124
0000
0028
0000
0000
0000
009c
0000
007b
001f
0000
00ce
00c2
0000
0000
0000
0000
0000
007a
0000
0000
0000
0018
007f
0000
0000
000c
005e
0000
01ba
0000
001b
0022
000f
0000
0081
0000
0000
0059
0000
0009
0016
0000
0000
003f
0000
0056
0047
008c
0000
007f
0030
0000
00e7
0000
0000
0045
0000
0038
0002
00df
0000
0043
0000
0000
0035
0084
0000
0000
006c
0000
0000
0017
0000
0179
0063
0000
002b
0036
0000
0195
0000
0000
0026
0000
008b
0000
0007
004e
0000
000e
0000
043d
0000
0000
0000
0000
0000
0000
0000
0000
0000
0000
0000
0000
0000
0000
0000
0000
0000
0000
0000
0000
0000
0000
0000
0000
0000
0000
0000
0000
0000
0000
0000
0000
0000
